0101000110000000
0101010110000000
0101100110000000
0101110001000000
0110000001000000
0110010001000000
0111111100000011
0111111101000011
0111111110000011
0111111111000011
1000001111000011
0010111100001100
0111111100000011
0111111101000011
0010100100001111
0111111100000011
0111111101000011
0011011100010010
0111111100000011
0111111101000011
0001011111011111
0100011100010110
0111111100000011
0111111101000011
0011001100011001
0111111100000011
0111111101000011
0011101100011100
0111111100000011
0111111101000011
0100001101011110
0111110000000011
0111110001000011